20995
135710
235677
258320
321053
381065
392114
411824
494890
672288
929792
986620
986899
1214397
1218136
1230448
1383355
1444458
1744587
1680593
1724128
1788224
2002028
2212282
2238124
2141834
2436197
2641946
2810836
2834810
2899073
3412558
3379278
3558215
3447064
4066051
5306632
4639734
5790433
6742874
5940748
6033637
6194498
6401728
6468947
7019876
7462496
7538423
8997434
8617058
94021
108475
126790
150023
291122
355216
435231
594019
628513
749633
820106
911343
931507
982849
1113094
1252080
1368356
1393012
1543920
1580639
1650994
1777473
2003315
1966496
2325848
2402053
2540412
2586600
2582834
3000861
3204524
3342817
3481047
3701177
3891149
3903775
4253995
4781259
5436589
6235926
6366070
6636268
6600139
8243253
8393742
8768116
8833824
10894391
11202322
11952198